8710002700000
8710002700000
8712001063869
8713000297770
=
3527671790057
=
8710002700000
8710002700000
8710002700000
8712627630000
8710004327000
8719256482004
7523423423234
8713000000040
8712407409074
8710072620119
8710370002169
8710370002169
8710180350857
8712001063869
8711028634930
=
8712001063869
8710370094160
8710180350857
5404574673943
8715837000031
8715837000031
3527403479030
8710044830000
=
8710007550318
8710004327000
7645743070077
7645743070077
8713000297770
8713000000040
3527671846900
3527671846900
8710072620119
8719138000002
8719138000002
8710180350857
8715837000031
8715837000031
8712407409074
8710018000006
8710018000006
8712001171560
8710370002169
8710370002169
8713600300000
8710016410650
8710403754990
=
8717000200773
8717000200773
8713000297770
8713000297770
8713000297770
8713000297770
8713000297770
8715019000002
8711028634930
8713200798346
8719256482004
8710370807131
8712627630000
8717746582255
8715837000031
8713887088062
8713887088062
8713887088062
